3232.759963 1088.319135
2994.697303 1003.435169
3118.115541 1233.898847
2983.817027 968.061063
2871.486215 1153.568816
2999.939612 891.024953
2871.539307 1222.938985
2916.220905 1021.115244
2870.464060 842.385383
3042.423277 1282.183788
3056.475776 1021.033940
3044.065010 1024.802671
2815.764074 1051.514671
2955.440409 1126.512817
3359.404296 1146.496526
2906.442172 737.736207
2990.719666 982.478860
2751.284317 1066.421314
2747.653431 1126.017682
2901.959445 1281.944637
3219.867827 798.738531
2814.521175 1150.654722
3245.454669 942.219516
2650.251189 1026.933191
2947.803659 1034.301261
3362.399401 1137.998052
3141.310368 1259.538713
3060.077768 1074.950897
3161.853469 1041.205093
3014.594661 1214.901813
2684.895973 1103.581010
2930.749494 1070.793993
2881.278900 1066.364020
2968.608034 1161.925943
2974.249625 1152.462820
2687.858856 780.411300
3267.462765 873.655859
3066.325438 854.600196
3219.625021 1004.826766
2671.543325 1090.519214
3190.687682 931.492613
3081.727639 1015.016461
2920.566629 1379.416719
3115.414588 1240.313249
3072.480894 851.262050
2802.138953 1040.041255
2597.580673 974.741593
3323.694972 1095.164214
3127.660321 940.494929
3198.165746 799.641561
3005.418454 1053.452699
2816.352816 1333.843881
2999.723494 1026.595899
2944.627997 649.673859
3282.700261 1004.450779
3145.048037 829.406289
3338.390630 1081.951043
2927.100032 770.166990
2808.108036 1162.814138
2990.387595 987.161407
2987.119653 917.098489
3013.948266 1009.839273
2813.539581 1237.363759
2726.459819 755.369820
2991.294897 1012.925834
3064.251832 1081.713849
3313.353847 809.893849
3045.695750 921.882643
2774.481870 822.393579
3156.850521 836.258843
3049.778499 1355.252641
3106.774112 1171.113058
3056.314275 1112.504483
3251.526266 1230.167864
2953.416995 1245.139857
2731.986911 1244.304678
3163.828180 658.064349
2986.319161 1239.519843
2890.591812 649.721808
2872.857896 870.385856
3006.845667 960.972434
2907.703996 1357.925514
2642.012489 818.778355
2908.083188 1154.339416
2713.344610 1128.429242
3282.982455 948.161032
2972.679585 746.433507
2992.275449 1020.198121
3233.984788 812.746590
3113.081327 1068.933129
3343.048870 936.539086
3097.977297 1237.777196
3108.078661 698.750139
3001.920274 1286.562081
3192.669247 1177.579251
2891.597273 745.882176
3272.940607 1102.426555
2718.665027 1269.797163
2633.277244 946.680524
2991.937185 1023.204752
4573.354840 2696.081169
1385.871227 1955.081145
4115.969649 2684.829728
2174.983243 874.858099
1329.385646 62.671640
3067.067583 3492.439726
2340.128393 783.460012
2125.400257 2113.050945
3581.796919 -363.869665
2305.279323 1611.108035
2847.720880 1465.848626
1392.358794 3340.473345
1605.866559 2089.186189
2282.977652 -438.301625
3642.491200 142.733164
4872.780200 1065.404297
2670.570062 1822.185861
1287.249701 2225.546387
1749.087976 3530.860071
2748.498823 1586.691696
1958.604436 1712.395662
1981.475015 3587.610726
1712.378009 1630.578513
4038.566992 1324.218859
2771.981760 1696.271591
1793.309727 2169.577793
2592.515713 -365.973181
4812.965167 1944.943970
4386.699880 1972.804166
2555.025120 1906.791542
3162.572839 1143.644970
3953.563197 1946.587153
1999.663564 1679.360533
3567.889771 2039.793761
3280.953350 220.928357
2059.195341 1876.855229
2012.217553 56.267120
918.346074 1385.472557
2715.945160 2262.343552
2806.355449 1522.246046
2739.532505 1543.624863
2086.998457 3247.150012
3129.628081 904.082189
3139.792787 1487.924176
2214.387155 1905.084620
4282.671497 1476.449416
4589.440193 783.054842
3716.500798 2904.350025
2858.358887 1678.598087
4028.211355 1353.077887
3445.755039 3035.428057
1248.038802 1093.474384
2514.868872 2020.880828
4416.393941 584.555835
1554.185453 716.738524
2960.506893 1603.853676
2449.351932 2632.162868
2276.164499 1723.223738
887.765908 1517.896870
4776.747584 673.908093
3048.773755 1439.207436
2621.830226 1193.289880
2998.338856 1022.709346
2845.769641 1697.467932
2734.538095 -173.235804
1726.346000 2585.511360
3734.914298 1539.735727
2864.576666 1644.910548
2875.127776 1652.877575
4432.676701 2704.465159
2433.153512 2223.383009
4155.105669 3448.912479
2133.138588 -290.329078
2864.152247 1602.643005
1870.798612 2500.615998
1002.122792 2480.766487
3869.121953 1689.669080
1157.907316 1749.817091
4378.178418 -112.479903
4529.660815 3288.511029
2847.486601 -345.897985
3149.314692 1893.182730
2930.264843 1205.756037
3914.517718 1396.289403
2257.745343 1635.073915
2771.687180 963.741933
4957.723450 2580.479517
1250.062808 1183.668808
2795.978386 1620.731279
4152.789257 2191.339576
1529.836467 632.289417
4870.462854 669.150348
2523.123525 2751.980665
4428.536460 1401.656019
3452.241778 985.806794
4184.764995 465.687141
3769.945347 1840.529928
2790.655115 1717.830748
3465.625747 1105.954484
1007.659981 2809.332726
-1105.098437 1609.709782
1707.092275 -98.306581
311.597287 1300.886997
1522.619182 47.625123
551.688028 822.306206
1540.169812 1419.897858
421.986093 252.406915
907.802666 358.925618
1688.612507 8.963367
647.994364 1222.578510
-205.270058 -469.408201
583.101247 2834.291765
1474.686086 842.532852
-425.714365 239.236864
1871.213676 -103.624214
809.649010 3115.996938
470.593049 939.778094
1214.815335 1379.110339
123.338300 1147.147170
401.824092 1417.044322
394.390320 1355.987832
834.196181 1457.949737
-819.171623 2007.596066
158.687231 1154.585345
408.000820 785.544448
470.659230 1666.337839
816.960837 832.061736
-1491.070683 1254.913300
2003.001402 700.278953
457.788658 1879.242705
1248.106608 1090.518838
486.453476 1338.502474
1795.406816 748.796635
1834.077790 -498.920970
1275.523362 167.789490
-303.466123 1075.691109
1390.183425 1433.698190
667.100317 1898.302051
717.879439 2201.978289
-34.686288 1829.892829
2127.804534 1967.981199
421.081265 511.961984
69.144815 403.341066
604.166701 601.619207
460.409566 1166.768014
505.040459 -654.104633
2662.931696 1518.398198
501.362413 579.292178
1080.920760 1626.927689
107.709315 958.789167
2632.242190 433.574319
1284.996914 1400.647521
-1453.747850 649.781026
1071.209333 2096.519815
1689.139604 645.827437
-335.660816 -660.572054
950.914408 1533.707460
1225.423222 1306.463036
-267.663009 2939.379160
563.354743 2770.972921
43.887603 421.478252
436.537413 1047.826984
840.383729 3077.696406
-1144.568484 547.692526
1395.998101 2688.562404
2190.346021 898.361921
-286.694253 1619.968196
1577.962545 1079.401094
1123.130513 2134.443659
412.321631 1836.933694
148.937427 -605.138104
17.897956 -468.370498
1934.601795 1074.816170
-522.989365 -481.850431
613.907564 1009.191689
109.136879 2529.253084
661.794035 1233.303975
428.289266 1634.782144
669.964035 1471.975496
583.542502 796.570597
263.882780 2797.264426
550.503347 1042.402714
-690.126783 556.067818
1613.062486 -220.772289
-420.583543 2794.639569
1606.029349 2685.263412
793.397463 1222.406467
2278.745811 733.740727
-870.280535 514.820881
128.234811 1805.012976
-639.540279 1247.858460
-471.919676 1309.188724
37.172329 -370.849190
-808.584096 2062.066519
1713.892379 634.265979
1496.655412 593.401803
463.317429 708.317327
1773.360486 179.456630
-816.459539 1160.719739
282.473807 1141.516775
1616.792109 1406.130142
-985.427191 3501.630911
872.671566 3735.561332
875.282126 2918.913563
330.621994 1512.132483
873.637565 2245.856179
862.042434 4588.357783
-188.498077 2185.016375
-1.023706 -94.132100
-1948.888702 3127.696605
320.004364 2699.069446
2271.961843 3380.362769
-1460.847404 2834.990067
2678.651733 3537.230513
1615.869294 1010.138697
-185.436249 651.243559
1004.863545 1198.222007
760.173553 1220.530755
-625.201604 1171.364573
1453.610522 3045.245260
-681.090947 3449.237548
2485.460931 1708.364886
-688.327426 1762.390132
465.906657 -35.580669
1317.915063 2092.604749
-1988.772350 452.038078
-17.227069 1595.221651
90.434789 2232.555765
-19.814007 1892.455039
-1709.571221 2674.095649
320.222133 4799.199527
-98.332023 2191.807897
-1023.353485 4169.983703
540.746018 2111.926463
-2209.536874 3009.522584
-4.932859 2212.419408
919.575016 2643.961894
895.417576 1309.918322
2858.295627 1270.495352
-1130.262884 3263.020663
-63.727269 3531.616982
2816.247667 1880.253886
1827.262496 2203.625589
-356.102827 -581.643667
2643.177716 1192.337946
-1347.277999 950.365718
-291.945890 2755.383982
2536.058419 660.393552
1407.231654 910.246622
933.575163 963.021405
289.467079 3237.215946
-801.598472 3400.964770
-1288.007160 3059.612438
-2.254590 3049.925427
-1631.473583 1508.967264
-1429.223006 1861.357879
-190.445656 4746.286157
41.253677 1190.062246
283.149255 2038.863518
-398.805325 1415.309926
-2340.674591 2269.484304
1012.288743 3526.853732
-1487.545898 1758.317465
857.916976 2231.546498
2396.482407 3839.133693
1289.799820 2733.122146
-1991.590334 1287.067599
-263.759054 2698.849701
-1542.776276 239.035586
69.727692 2244.990806
802.864081 2702.193076
-32.694747 80.357397
-552.469986 5045.656279
85.942321 2244.949685
1897.708530 1845.971828
-2031.159097 945.822930
-315.939664 1993.705527
676.882318 -158.843248
1508.711767 2830.695168
1133.572774 2084.694519
217.052922 1099.694657
133.121791 2103.030424
-1332.825441 1991.337859
-2555.244351 1615.317872
-1381.673847 3709.852013
57.769413 2375.893478
-1081.689314 2419.684803
1919.470343 2866.935537
1130.573967 564.432300
31.355211 2226.824785
61.896160 1755.770178
868.596111 2335.626904
1331.863809 3489.969398
-360.900068 3667.397509
-1938.142055 3634.972665
1886.891194 4061.853625
1071.863521 450.601126
740.268382 3347.299795
2207.135553 1110.340145
-997.557335 4323.263353
5777.270975 -175.299539
4859.023473 1377.433697
5142.379227 -23.652646
6908.302891 602.952984
3165.200942 -917.005261
5159.641435 -176.315455
4869.914565 571.737566
6719.236564 809.482578
3361.249627 1076.168730
5634.827517 1193.118147
5063.402566 612.354575
4516.530524 1159.450147
4925.244323 836.475728
3917.441114 854.249283
5615.873062 384.516504
5067.661983 1123.708745
4656.720467 -117.462843
6716.913619 2013.904746
6156.808788 -511.809427
4958.256602 1079.281433
6823.827085 -625.232571
5397.118112 403.316950
5866.616189 280.713940
5298.140432 -93.832118
4768.058807 572.570343
5253.296255 236.282781
5701.408124 -307.302462
5483.121481 -929.007246
4100.024586 -1233.678198
5734.440908 2287.608790
5397.434474 -1301.785960
5686.583497 1092.640695
4066.657417 1012.013162
5167.987992 273.982755
4806.391679 -1010.266530
6437.434123 1222.366811
3795.076771 1288.619047
5741.167252 2673.924675
5850.469102 -259.678966
5531.062610 -449.236794
6134.457876 -218.016424
5292.273360 111.827604
7157.584130 105.767721
4234.766486 -1654.317049
6214.494606 628.614485
5068.323955 -1174.644818
5087.190376 511.938369
4391.342382 -876.847669
4304.267762 -367.331563
5350.658519 1297.965018
3803.054233 1252.256232
4465.079580 -318.465740
5475.086968 1504.912773
4910.287711 685.586495
5516.870132 1225.297772
5181.903886 2670.580772
6066.463597 -139.755046
4598.160545 -273.591866
5961.946585 824.155533
5524.868356 324.760511
5133.445649 576.562839
5035.611248 -1797.544577
2938.930569 254.094930
5022.367914 122.580093
4448.170201 802.974859
5103.817404 285.565871
6465.350245 395.492794
4795.322163 2355.640397
6572.903345 284.410442
5998.567159 -1198.182182
4005.414931 -1509.871379
4718.855082 1615.666988
5934.264852 -382.301837
5439.279428 -368.823639
4541.565230 -364.006504
5019.966807 -264.283319
4287.926075 1388.743838
3507.505216 -150.578215
7491.455744 1228.232615
3782.627479 -83.874001
4364.401308 2183.755696
4870.387171 -909.884196
7219.561043 -472.602823
4854.149816 1108.518814
6151.236913 -1485.523590
5795.984379 -690.701198
3683.735126 -313.610547
3441.156106 167.012107
4041.063993 -394.426644
5725.686070 127.260359
5757.914886 2034.421042
4527.475422 492.156865
6353.293004 -331.031025
6482.289830 2451.847658
6801.767772 404.304942
6693.624052 1521.918852
4557.630241 1442.620222
6887.114885 448.665955
3824.864654 360.797039
4366.624640 2777.765445
2153.367240 1683.324668
2819.850064 1347.309394
1897.483212 1892.471060
781.641729 1235.121569
1785.857482 -105.846872
1389.240958 1131.965890
619.890015 2373.603815
861.056826 1625.987802
935.395996 3543.308479
982.718171 181.662509
668.602907 807.421393
626.467944 2764.397182
2513.199279 2325.542887
1582.586957 722.056727
780.559154 820.192338
1581.746333 2245.404643
44.117587 123.163381
1124.125827 182.010277
1777.347778 1750.893149
560.940376 -879.515577
980.130014 -794.280569
1219.929549 1697.441423
-408.093010 2568.177211
1382.990442 1311.792002
1078.160003 1212.754284
-43.882284 1942.940228
432.713548 3028.483334
1788.135736 496.097322
1662.403794 1193.836580
-97.979952 2198.765503
811.076972 2378.635185
-135.541878 665.498400
1784.214930 1527.084687
2057.107214 -40.220437
871.910380 1985.020999
2393.592793 1203.379591
882.705831 1611.308675
147.209033 2046.508999
1987.303918 1488.505513
760.362230 1321.718319
-762.317138 1553.409304
1168.277034 1975.239739
2124.246959 1510.883715
2292.881985 1284.269209
-211.350622 449.310604
1761.439635 1567.842194
958.275307 476.064078
733.267849 1399.348007
1624.651508 2305.428011
2494.014344 2104.487116
429.800639 1323.127877
2436.600854 3090.061377
1194.336891 2285.487588
-153.394049 388.923415
51.937987 462.401341
1628.088748 -877.473073
1331.236008 1558.421931
-562.097115 1120.446028
1061.189269 1317.812537
180.504680 1219.333472
542.474160 997.476108
1413.646519 1091.185543
647.316911 1998.310263
1377.863331 1205.738048
887.540084 1466.996010
1033.466587 1239.241963
732.384330 2765.602963
1115.404341 1297.629265
1922.715263 1544.735977
480.861076 2618.206435
1386.861292 1882.543687
-143.639232 885.002122
1979.166963 2720.712197
1215.950516 2905.348726
1247.231538 1319.776418
2139.831653 513.217827
1137.650178 1129.407402
1381.114062 -591.814183
911.105309 1160.672691
1294.887312 -6.081982
2169.375118 1406.979913
3108.342166 2305.281293
2315.029992 2203.782340
1101.863687 3524.346841
1205.177261 1261.392485
1802.586120 -92.422513
820.451105 1005.840849
1946.411924 2204.418163
153.759054 -79.660792
918.013090 1396.423844
657.041313 -69.126212
801.554642 2225.931201
103.591560 2951.728135
2872.190974 66.057271
-51.404572 2236.569115
2181.872349 134.919673
711.815804 1018.348782
813.121738 647.597051
1399.843657 1204.228075
831.773679 1233.807339
2364.988808 3782.969631
6211.461040 3332.745632
3795.905241 3989.688790
2043.180494 2188.113129
5744.376912 3660.727252
3485.324514 3806.604917
2495.835863 2945.074957
2850.477631 2175.437671
2510.211363 4490.356708
6060.728682 4477.233659
3171.319279 3967.763897
2291.708100 5327.106095
1594.288918 4001.337616
3990.099126 1637.467323
1524.946406 5378.909992
3522.133085 4942.211786
2843.190040 5407.639189
3864.719746 5125.036814
2723.840822 4103.194770
3214.809126 2353.518563
1838.874492 4642.219921
2458.182174 1878.561022
4320.038045 2206.027127
5872.281976 3435.716768
3122.442087 4347.393236
3549.472419 3777.054432
4554.533389 5496.267311
2551.947626 3838.721166
3325.299243 5118.935932
3797.959056 5389.117092
4119.088418 4819.601748
4063.490902 3535.560081
1823.796713 5258.619461
3268.608687 6215.096316
2305.956223 2373.980690
3157.131066 3351.909647
1948.727982 2436.999808
4631.517454 1472.231570
3767.811243 1229.624955
3879.995673 3564.053744
2788.078971 5843.510477
2756.421170 1784.247680
3223.653869 2963.933977
3958.186633 2886.414148
3299.630970 3793.172916
5217.348879 4286.661618
3133.427358 4634.283132
1895.296667 4952.435757
5981.237736 4150.279596
5029.127930 3924.054503
2469.259943 3287.593845
3771.128300 3852.368839
3515.035517 1674.348451
3905.318642 3936.727123
3352.552488 2787.541869
2149.857070 3577.629860
2181.309801 2612.402581
4297.449029 5109.676125
4156.545751 3107.633890
4021.911449 4236.334091
1682.591766 2843.731208
2091.852171 3113.056393
3990.841863 3234.637197
4929.697263 3484.990613
4419.199500 3390.660440
2310.249327 5371.325600
1803.999437 2927.110634
3584.095924 3633.847399
3502.734990 3719.477240
3206.661875 3613.229647
2621.544400 5473.514439
2815.303687 5398.335735
2787.662172 4231.194681
4514.405710 2781.651461
3645.613437 3995.708545
2223.042214 3210.833643
3125.493879 4133.055564
3514.049894 4471.997299
3198.156324 4196.521214
3280.718265 4305.066846
3878.752925 3486.103848
5052.050321 3788.768881
3118.533303 3465.641512
3919.247684 4465.371850
2179.302567 3269.641393
3944.462268 4268.197134
3991.281235 3928.198726
4006.033445 4395.924962
3679.379374 3865.847285
3159.395526 2089.620723
4215.320875 5558.838184
2709.810987 3057.639197
2607.784913 1970.228262
4143.703076 5943.283427
5025.090505 4115.757386
2511.534012 5692.990983
3343.720647 3392.835332
4734.495313 4533.401080
3735.818433 3896.714903
5441.455375 3574.107542
4225.579661 2932.701160
2913.327578 3790.181815
5573.181100 2930.655733
3063.316361 4634.371497
5760.565142 2767.498005
4181.586001 4159.815260
3883.757847 2885.463667
3097.447849 2876.008135
3157.890120 1821.479672
4824.698374 3696.991716
4370.727942 3542.929826
6343.909522 4581.782648
4821.341160 4113.902471
3833.372022 5199.392717
6143.988742 5720.654495
4266.764234 1705.798300
5105.366766 5526.314677
4872.338531 3213.203486
3815.259527 3924.200962
4078.956341 3418.494804
5472.092427 2478.432019
4487.617944 3948.409620
3862.875078 4700.355223
4544.642045 1539.877937
6593.981882 2417.528054
4346.183683 3712.782886
3059.690092 2875.645528
5533.990432 1515.722447
5097.443568 3995.012850
4113.798694 2085.550808
3444.538517 5565.158348
4009.010035 4737.158444
4477.267964 6201.373111
3178.273713 5011.807630
3999.869422 4084.092258
2420.255012 4020.871090
5540.154248 4954.205871
3945.234025 4297.442335
1833.028824 3400.848588
4517.533994 3599.536045
4928.571529 1278.222706
3738.407809 3745.336926
4369.529230 3806.774303
4096.914266 4948.070808
4291.296495 4598.125946
4570.504664 3777.820680
4405.355781 3679.783672
4337.135220 3538.293004
4106.314053 5280.841420
3737.714333 4438.313984
4952.047285 3692.650534
2435.244753 5277.521703
6407.668716 3487.358556
4451.691193 2644.052931
6627.064221 4145.148172
3490.951613 2887.143450
1621.548421 3775.687718
5629.756412 4892.216180
4597.072929 4601.329898
3615.008605 5208.876288
3177.777951 3115.471946
4189.228925 2477.363878
4654.087247 4304.708572
5645.928382 1308.108891
4005.211456 4212.298781
4182.277157 5809.202989
4490.207901 3764.700198
5716.025272 4387.828664
3522.360415 3037.690965
4002.611585 3460.492902
3457.627456 4365.698884
3065.983185 5533.553145
4379.692800 4265.682181
4313.797990 6039.262717
4350.967842 3886.398320
5593.877333 2211.901611
4151.424127 3501.582745
6125.292440 3414.197504
2483.627666 2787.340099
4637.438776 1354.082381
5089.325527 3850.966410
2775.810983 5017.223301
4739.624100 3001.609787
4782.595074 1619.364157
4655.557396 2622.387049
5630.663263 2764.990177
3972.061921 5364.140830
6414.545322 2292.479344
3691.129730 5088.489945
4189.006716 3840.614563
6929.904192 2831.023393
3233.106775 3430.462332
4428.056584 3396.823852
4824.269563 4242.826939
4293.242628 5502.423455
4663.239898 5326.812268
4828.318645 5822.997337
4996.622727 1334.428460
4739.011905 5955.964431
5661.847201 2747.959868
4309.790791 651.471700
4197.557175 2318.813404
3259.529504 -550.735901
4070.760753 612.186195
2557.047270 490.867665
4228.903252 581.720632
3504.261342 2598.903836
3062.020616 160.595412
3581.445065 3467.036093
4075.273584 1026.654612
4562.242649 181.292985
4751.761730 469.437423
4573.422703 -256.527264
3346.431003 1985.422883
3068.127279 317.818203
4331.126610 1033.453407
3484.422318 2858.006155
2818.911953 1648.588839
5410.890216 784.263388
4099.881261 964.637244
4148.654532 -264.744687
5301.668832 2596.663862
4386.128247 -495.672198
4338.423140 695.220242
4004.408259 1595.103357
3731.979200 635.651011
5021.185381 175.136580
4217.174458 698.546333
4077.255327 1053.850161
3469.586588 674.407670
3007.805642 -379.599686
3779.666362 52.081799
4559.609323 -500.211093
4048.144803 2260.436651
5286.344377 1790.057953
4114.274771 965.432620
3751.533612 2904.817245
5110.601676 656.696908
4959.139900 -457.889479
3426.610688 1538.572878
3989.608704 2611.128492
2902.614790 1134.014345
3466.789005 1652.153931
3816.882820 1746.087917
5753.247538 684.035011
4079.651468 948.507000
2256.872587 2143.128847
3989.958175 494.299680
4508.927478 -1439.500702
2996.242544 623.614767
4255.561489 -311.102266
5983.737993 2065.999980
4935.707055 1964.533499
4265.768043 2309.790761
5067.839242 -1222.089201
3931.782614 1022.043952
2542.296199 608.793685
3628.459885 2491.475758
4484.816693 3301.716617
2866.482332 -444.863245
4627.584478 2252.438802
3093.955463 1168.275078
1681.055077 675.180623
4069.953452 1006.868201
6319.735016 2220.838141
3288.023142 -1060.398859
5419.057722 792.258709
5209.272849 920.875194
4279.328870 1111.110864
4318.702753 1646.266740
4095.343477 916.762383
1745.176686 -10.642858
4119.607565 1296.705839
3249.951725 3258.226086
2954.629943 2286.744885
2980.639050 784.056365
2388.017227 -244.317771
5832.830921 -583.876935
3942.709972 -627.609038
2082.563422 603.776578
4748.153098 1137.211871
4816.011819 2807.040039
3200.001174 -809.276633
4446.117394 765.040162
5699.154558 640.861517
3728.365874 631.676413
4141.306174 1206.336333
3326.382440 778.869324
1900.341694 836.963167
4364.937511 1236.441851
3786.433915 1286.381308
5889.483696 2547.013352
5141.268159 427.241203
4030.996772 912.828753
3926.818202 679.147580
3734.051975 1497.098542
4676.383187 452.772261
2469.613685 1234.705455
3509.479789 519.012013
4431.412729 1638.070653
3677.403233 2090.019027
1771.294961 2368.845405
2043.828272 2191.443841
2102.306104 2922.039373
2090.843012 3154.142358
2545.000947 1940.707112
2282.166242 2744.894655
2086.350387 2406.514084
2335.169532 2298.195270
3397.501874 2238.097911
2033.089725 2942.517472
2294.117658 2392.759662
2730.250886 2966.028666
1703.890446 2079.663581
2647.526720 1979.011727
3555.700281 2487.038859
2748.662170 2798.409861
3228.790012 2809.842455
1808.986020 1244.231716
2210.991249 2807.804426
990.716687 2187.314903
2926.179407 2775.630459
2836.753187 1887.652545
2929.880056 2709.938007
1069.900936 2758.794961
2239.327502 2326.698675
1726.026715 1372.322470
1531.448257 2888.467893
2363.173231 1749.830424
2328.694619 2273.683590
2387.079632 1959.855016
2571.185371 1703.631976
1667.592532 2705.458412
1846.521206 2342.260657
2317.333758 3336.032375
2060.058371 1702.361235
2331.611354 2108.854721
2530.094874 1351.432054
3243.897023 2727.300277
1927.993805 1879.860617
2015.888949 2546.325970
1569.343595 3278.698534
2142.089474 1172.490238
2172.627392 2191.593308
2533.957205 3418.855741
2614.967717 2319.359045
2070.859344 2631.222522
2740.921877 1037.106537
3088.036852 2000.373674
2388.967172 1938.578567
1836.293065 2978.919583
2567.127446 2846.902455
2362.271329 3636.601340
2894.085977 1969.369409
2850.738663 3252.808527
2256.723435 2298.180197
2346.188845 2612.454018
2235.870741 2384.442349
3562.047042 2058.661623
2767.750849 1025.094355
3552.042376 2533.894338
2203.548830 2026.861349
3261.959188 1974.809300
1517.968147 3147.460922
1391.233542 2723.911780
2286.667955 2003.719966
2336.906637 3128.533442
2555.667957 2447.447800
3344.350046 2363.502027
2461.929484 1369.214731
2629.867636 2561.780387
2001.682430 1497.614623
1006.733157 2059.116752
3042.666981 1584.394491
2151.519446 965.437409
1311.212683 1421.448433
2337.540751 2309.308966
2242.401495 2329.106018
2513.341686 2292.208527
1174.696825 1796.969777
2126.056787 2057.264848
2124.527180 2021.776392
2478.769478 1069.640543
1215.484267 2030.866821
3034.008073 2657.708678
2042.626218 2446.744244
2292.452064 3082.070240
1899.712179 1952.915355
2647.586683 2875.791046
2757.747139 1728.944804
2605.707439 2259.549040
2428.965134 2376.957718
1909.819325 2266.766143
1285.748195 1839.953328
2211.985198 2306.345809
1314.073544 3117.119172
1489.565103 1566.169746
2028.394935 2107.321215
2743.907468 3222.248284
1622.331449 1129.129540
